3 761.0100855603623
4 703.1440863997044
5 143.35199448462507
6 1132.379399619679
7 1046.6122729566819
8 70.8814531380643
9 44.27953933979526
10 3.3970705251108457
11 3.392526019994027
12 4.634777527974795
13 1.3436807173703436
14 0.2382543141389859
15 0.5985893498111905
16 0.10205190072827552
17 0.5203161376324261
18 0.7229926905452794
19 0.20322844786566097
20 0.33848578146890296
21 0.643056513401366
22 0.2311123179480068
23 0.026324488393611456
24 0.047717461855126264
25 0.1322024492578372
26 0.35535629698724147
27 0.010478095689714362
28 0.5436863606185088
29 0.2577313425157629
30 5.117493224428976
31 1.3611945203121367
